time,x,y,z,phi,theta,psi,x_velocity,y_velocity,z_velocity,phi_velocity,theta_velocity,psi_velocity,rotor_speed1,rotor_speed2,rotor_speed3,rotor_speed4
0.06,-2.84821007805e-08,-9.57894520627e-08,10.0066443928,6.28303657253,3.01672495295e-05,0.0,-2.78161753913e-06,-1.14824995205e-05,0.221462282161,-0.00796591919065,0.00148995433069,0.0,473.5392401594792,473.65380808204657,474.4600130465166,473.8481955664765
0.12000000000000001,-1.38415183603e-06,-4.90895627176e-06,10.0194425826,6.28246096244,0.000522082876544,0.0,-6.92281840893e-05,-0.000193435901266,0.205147289531,-0.0130653671169,0.0190472767009,0.0,397.3252290458229,398.93128306143996,398.7964790341291,398.3306036563123
0.18,-2.23820856228e-05,-3.57563646878e-05,10.0362902245,6.28174204535,0.00210431047709,0.0,-0.000783300786352,-0.000917046184199,0.356404812628,-0.00989871307396,0.0380165389147,0.0,451.5005231848536,453.0282337092866,453.4748963073612,453.7292771630332
0.23999999999999996,-0.000119875543615,-0.000121432325396,10.0600347312,6.28154296091,0.00412736931562,0.0,-0.00268091299589,-0.00197551703422,0.435050864467,0.00736124193739,0.0233226106352,0.0,431.1612312767619,429.9187072268887,429.16928063409733,430.6315860771256
0.3,-0.00037334193706,-0.000272663128545,10.0894225261,6.28161484178,0.00495061258355,0.0,-0.00590255845119,-0.00303438943014,0.544495362997,-0.0154751608071,-0.0247066309045,0.0,442.3574622436475,438.38521002798234,440.78022160305807,438.88922822848997
0.36000000000000004,-0.000834667615316,-0.000493225899586,10.1272887258,6.28152560791,0.00372853372381,0.0,-0.00932327454205,-0.00436477476086,0.717618760811,0.0174535942045,-0.0128607675743,0.0,458.87521701336425,459.81448839080934,459.05484770760705,461.6600434061747
0.4200000000000001,-0.00147676434434,-0.000789006909048,10.1757413167,6.28233980895,0.00255051929264,0.0,-0.0119749428689,-0.00538686844253,0.897343997172,0.00437837498631,-0.0387727855767,0.0,462.540757240141,460.49581634233726,463.1047072311607,462.0751269561152
0.48000000000000015,-0.00223947683319,-0.00112821418555,10.232736277,6.28308544172,0.00032846223379,0.0,-0.0132151743392,-0.00586453838891,1.00240186366,0.0249858624495,-0.033766903889,0.0,439.6668611081521,440.0806949032004,437.9342469283595,439.6447054295344
0.5400000000000001,-0.00303150251872,-0.00147700748507,10.2927053617,0.00104418408948,6.28123625076,0.0,-0.0130013804229,-0.00564442698966,0.996572690888,0.00332007489596,-0.0480365295188,0.0,403.6468421493242,402.3562666345158,403.90565549015815,401.94718426297277
0.6000000000000002,-0.00376092760417,-0.00179336435968,10.3552597075,0.00147930423361,6.27838444417,0.0,-0.0110240175138,-0.0048679396896,1.08848796683,0.0141404040963,-0.0465363575412,0.0,436.18511937174145,436.30895589444526,433.98307620224824,434.8901360116461
0.6600000000000003,-0.00430249299168,-0.00204853119133,10.4254379397,0.00238197257408,6.27532737101,0.0,-0.00670595956659,-0.00354047137802,1.25062099956,0.0167938650776,-0.06169114387,0.0,457.7233251540219,456.5141638288617,457.5416755180478,457.75274533513766
0.7200000000000003,-0.00452100011512,-0.00220566883878,10.504373186,0.00326991509526,6.27189870013,0.0,-0.000200885026906,-0.00159663432442,1.38040230675,0.0104770374654,-0.0493283724252,0.0,447.77752775220654,448.779743228889,447.6096750390107,447.095260386569
0.7800000000000004,-0.00423936201934,-0.00221736316753,10.5943758718,0.00351325430394,6.26914014753,0.0,0.00993472469916,0.00126514762581,1.61937549249,-0.0136316220421,-0.0399982644523,0.0,480.40032502633045,481.1061073609413,481.82086267115324,479.9948854576917
0.8400000000000004,-0.0033307930859,-0.00206896777883,10.6954391473,0.00270665690074,6.26651043223,0.0,0.0206142949241,0.00359429341631,1.7492068291,-0.0130692715323,-0.0528665987187,0.0,449.8960245128543,448.8518812549937,448.2957723175179,448.341578387062
0.9000000000000005,-0.00171210884331,-0.00179658662227,10.8048560951,0.00198462208801,6.26343207983,0.0,0.0336788139518,0.00540232382398,1.89778390883,-0.0100397098265,-0.0483551290901,0.0,454.1972029678535,454.55722478121953,455.5717099106358,455.81399218150307
0.9600000000000005,0.000765255186789,-0.0014300636654,10.9235630643,0.000893345972655,6.26024672213,0.0,0.0492297359247,0.00673137752725,2.05883185597,-0.0442152615185,-0.0648096653999,0.0,460.03250278250397,458.72597627603295,460.663370467972,457.95307514525916
1.0200000000000005,0.00418083983602,-0.00101804391303,11.048952288,6.28171254128,6.25640302239,0.0,0.0649928428565,0.00676211310656,2.12068644413,-0.0312731753889,-0.0626068010932,0.0,429.1683976781122,429.352160355605,427.9261114208825,429.025436956097
1.0800000000000005,0.00865413458046,-0.000650333499933,11.1794134244,6.27981865966,6.25274920316,0.0,0.0844929144989,0.00530104514822,2.22780337122,-0.0321540859244,-0.0576810344027,0.0,442.6548464511337,443.05732708942617,444.35177781147354,444.27920568489645
1.1400000000000006,0.0144042744045,-0.000413889283637,11.3173188443,6.27759933642,6.24936763384,0.0,0.107539036531,0.00235998172365,2.36874869882,-0.0490280002216,-0.0538403666853,0.0,455.0197765652242,455.3250389173141,454.5834191271728,453.2286425077147
1.2000000000000006,0.0215854607601,-0.000402110121858,11.4629628443,6.27426251102,6.24564427829,0.0,0.13217801324,-0.0022883992163,2.48578782456,-0.0739571949793,-0.0884680258559,0.0,449.08458265448405,446.26383399405876,448.9095564784309,446.87987059176686
1.2600000000000007,0.0303352788065,-0.00074662041609,11.615710365,6.26976302541,6.24051616329,0.0,0.160018878195,-0.00966112508469,2.6055019952,-0.0771432596369,-0.0800622622095,0.0,450.22276344153966,450.8963968549482,447.9528537051317,447.68932859116074
1.3200000000000007,0.0408753234802,-0.00163409493671,11.7759331864,6.26478894962,6.23518806773,0.0,0.191827877231,-0.0204233457442,2.73492351621,-0.0980508564347,-0.11870546731,0.0,454.18237707363744,451.0652136781648,453.86000541898983,452.173191040326
1.3800000000000008,0.053428422999,-0.00327088742849,11.9435180107,6.25948287246,6.22837959689,0.0,0.227319544963,-0.0347088326213,2.85090163122,-0.0740241855613,-0.104664224077,0.0,448.92245385217007,450.0489203742843,448.328356449696,450.2695646537737
1.4400000000000008,0.068413470961,-0.00594252532253,12.1209318237,6.25510145469,6.22179533913,0.0,0.272909678725,-0.0548535550453,3.06228603417,-0.0710950948637,-0.122535319416,0.0,478.83104696143164,477.45967119195086,479.34922499462544,479.5680452350217
1.5000000000000009,0.0860274634762,-0.00980315860146,12.3067316897,6.25102564966,6.21423717534,0.0,0.314935444095,-0.0742324330733,3.13078936618,-0.0622544156511,-0.133907406472,0.0,436.4912852447136,435.52628695621326,436.50163269477326,437.23520440533207
1.560000000000001,0.106299858892,-0.0148983996375,12.4964330692,6.24720671313,6.20675888962,0.0,0.361540397444,-0.0959646287042,3.1923417481,-0.0665935150986,-0.110630599098,0.0,433.55793516135043,435.49436617750314,435.1911353236897,434.8247219204159
1.620000000000001,0.129577575417,-0.0214042175599,12.6906842097,6.24349813045,6.19968332871,0.0,0.415043852103,-0.121269685284,3.28235757599,-0.0536435996555,-0.139391155591,0.0,446.0610053216166,443.6929337640297,443.3302771649466,444.3902647592993
1.680000000000001,0.156292405193,-0.0295365983663,12.8912210237,6.24063152447,6.19165560649,0.0,0.476275573824,-0.150108601722,3.40174653633,-0.0380682107889,-0.124470104377,0.0,453.4802559698689,454.6610365581022,453.8451356936202,455.09217200163295
1.740000000000001,0.186843203673,-0.0394538966162,13.0988506267,6.23849395247,6.18439310747,0.0,0.542816495199,-0.180679219386,3.51877860368,-0.0311428820328,-0.114946790291,0.0,454.4188155267242,455.16868304059085,453.92121758686363,454.4761099772059
1.8000000000000012,0.221746289221,-0.0513418910805,13.3155666254,6.23700167348,6.17802620597,0.0,0.621310987558,-0.215746265803,3.70438653529,-0.0146079833053,-0.092618804136,0.0,475.25199367752964,476.9510285169597,475.5545093669865,476.8193255301701
1.8600000000000012,0.261665825807,-0.0654360575339,13.5449505972,6.23581852886,6.1729928276,0.0,0.709890377273,-0.254140680066,3.94084543637,-0.0326541155755,-0.0705131855279,0.0,492.5213493898967,494.1484248982095,491.9183822789137,490.58022178462926
1.9200000000000013,0.306583968386,-0.0816815722873,13.7846117947,6.23372550355,6.16892680112,0.0,0.787756481513,-0.287563203169,4.04739157953,-0.039763159089,-0.0627764031369,0.0,454.96014940711586,455.57587251226875,456.07599796670866,455.507308976075
1.9800000000000013,0.356018207763,-0.0998736774342,14.0285953373,6.23203292467,6.16500926444,0.0,0.860380672964,-0.319013388978,4.085167823,-0.0116787570715,-0.0708668333949,0.0,434.71986100424334,434.03805997528195,433.98066515004103,436.331422027044
2.0400000000000014,0.409667201835,-0.119886403702,14.2730255325,6.23090717999,6.16066438269,0.0,0.92827669532,-0.34814989553,4.06249961244,-0.0392735350243,-0.0757035743202,0.0,415.3458327969848,414.9169051058994,416.52272228633274,414.1020614195824
2.1000000000000014,0.467894438816,-0.141855240857,14.5195680578,6.22851478915,6.15679676918,0.0,1.01299199732,-0.384362240509,4.15513405184,-0.0410999524937,-0.0482592481408,0.0,451.5010835912993,453.7067868608471,452.92597204671154,452.77826737580614
2.1600000000000015,0.53158266671,-0.166178551599,14.7740630624,6.22616071186,6.15463222017,0.0,1.11012402461,-0.426646787161,4.32728280977,-0.0357439194774,-0.01889784078,0.0,477.2374733548311,479.47284304074344,476.95869640125517,477.3669486088648
2.2200000000000015,0.601120911938,-0.193082473021,15.0387371163,6.22462668597,6.15332926723,0.0,1.20784541001,-0.470310658389,4.49444796713,-0.0105185574817,-0.0280492822166,0.0,479.1331245559361,478.4368241712886,475.7846068252173,477.71199114582595
2.2800000000000016,0.676083816611,-0.222426607194,15.3098730487,6.22378527365,6.15124978075,0.0,1.29104095905,-0.507882262137,4.5431397408,-0.022163214874,-0.0531023790206,0.0,443.5244353183029,441.46111841018325,443.8341395653074,442.8773824423863
2.3400000000000016,0.756568786348,-0.254261279489,15.5875819793,6.22308960668,6.14778876463,0.0,1.39204295367,-0.553335108873,4.71300099402,0.00388742013133,-0.0689289330712,0.0,480.94215444820935,479.73971362760904,479.9441623971219,481.9175738847386
2.4000000000000017,0.842902105879,-0.288703527497,15.8733496479,6.22275073558,6.14358438107,0.0,1.48607391712,-0.594671105325,4.81203890638,-0.0690670889704,-0.0724642175032,0.0,460.98002789097376,460.6969922716563,464.0880651007216,458.3249324456904
2.4600000000000017,0.934670596806,-0.325525983165,16.1629972503,6.21895982434,6.13973117498,0.0,1.57319911306,-0.633091925988,4.84259496204,-0.0534490381851,-0.051426840084,0.0,439.9588750535995,441.6942657612447,439.94159592288185,441.2300170927627
2.520000000000002,1.032484939,-0.365058335145,16.4596581646,6.21557624238,6.1366777968,0.0,1.68747147069,-0.684973313889,5.04503764414,-0.0630459440131,-0.0498366753904,0.0,492.93943388037616,493.0555731757836,494.27603254198897,493.5663319666674
2.580000000000002,1.13632918595,-0.407374466841,16.7624296701,6.21173676512,6.13346621255,0.0,1.77423374207,-0.725891444301,5.04718678996,-0.0659513956325,-0.0621703238795,0.0,434.4634537489504,433.4259363708877,434.93664351703165,434.69010364247396
2.640000000000002,1.24565996715,-0.452322250806,17.0668094073,6.20770010458,6.12931135189,0.0,1.87041619471,-0.772721588176,5.09838663205,-0.0700702213655,-0.0897150334016,0.0,450.80885931067,448.57337170471186,451.465190326303,451.12936645015645
2.700000000000002,1.36083339437,-0.500153365756,17.3741852042,6.20367753092,6.12370080466,0.0,1.96913746419,-0.822007864012,5.14702041172,-0.0615903313596,-0.102440462832,0.0,451.089768018532,450.0534470901572,450.31196637504723,450.994195658719
2.760000000000002,1.48241129361,-0.551202585258,17.6867719375,6.19988865047,6.1177277977,0.0,2.08395542005,-0.879965586408,5.27167638535,-0.066459416414,-0.0943228351003,0.0,475.12357003169626,475.73775965264855,474.6945680486012,474.31809887451584
2.820000000000002,1.6101568519,-0.605389510106,18.0018168974,6.19652473853,6.11213501381,0.0,2.17466832026,-0.926563620468,5.22979307685,-0.0407795189397,-0.0910826153051,0.0,423.8681075861905,424.1387269729029,422.7663569810905,424.9711375792831
2.880000000000002,1.7436014915,-0.66250866219,18.3153127745,6.19466032543,6.1068960237,0.0,2.27389575513,-0.977581972023,5.2198869084,-0.0165550400561,-0.0806892340863,0.0,433.9023858209371,434.7676518147996,433.9166163434664,435.9453869623533
2.940000000000002,1.88297959449,-0.722667191792,18.6276298131,6.19374492965,6.10242345971,0.0,2.37238737272,-1.02778604269,5.19061374141,-0.0127786626469,-0.0644528402805,0.0,428.4196321383216,429.79350913246975,427.930245939097,428.2517354573497
3.000000000000002,2.02898889951,-0.786174422412,18.9417464847,6.1927210062,6.09852600009,0.0,2.49482763291,-1.08916276668,5.27928790419,-0.0274261720768,-0.0659864066708,0.0,467.3893622848553,467.2669271221513,466.14135668887445,464.99519429873334
3.0600000000000023,2.1826937453,-0.85352363537,19.2626476821,6.19140679687,6.09422583228,0.0,2.6289004128,-1.15589520712,5.41647812504,-0.0126729316739,-0.0865528688027,0.0,483.2442166684203,481.6874882686618,481.8652083809565,482.97937589596313
3.1200000000000023,2.34387353713,-0.924587764862,19.5883479579,6.19133914715,6.08895484751,0.0,2.74413113326,-1.21292023932,5.43981838306,0.0153978644894,-0.0905765716641,0.0,449.4869320666171,449.15434367691535,448.26102185082465,450.5368208839756
3.1800000000000024,2.51241401514,-0.99923711448,19.9172422402,6.19279123466,6.084112164,0.0,2.87421944395,-1.2752228427,5.52263440218,0.0376724404814,-0.0660176370824,0.0,467.69114455370163,469.5952446418582,467.9903881370806,469.7213291118037
3.2400000000000024,2.68861747153,-1.07749387141,20.2499881,6.19475678199,6.07989022742,0.0,2.99946845274,-1.33311236038,5.56842949212,0.0204680544944,-0.0809025799014,0.0,459.8749119736269,458.69041793808736,458.7131019835382,457.3449335861972
3.3000000000000025,2.87264629599,-1.15929467962,20.5866188145,6.19565679447,6.07465125786,0.0,3.13513045563,-1.39342732975,5.65186666766,0.000861317399864,-0.104951954916,0.0,472.33339090422527,470.4685162188869,471.97978065064126,470.46373230546874
3.3600000000000025,3.06379731154,-1.24424395184,20.9230070921,6.19569149873,6.06804162059,0.0,3.23704706382,-1.43824755347,5.56126227087,6.43924794817e-06,-0.123404279425,0.0,417.2174121348858,415.5909395454302,416.5613732770593,416.486578824786
3.4200000000000026,3.26257089925,-1.33244795362,21.2603646874,6.19533487743,6.06148239818,0.0,3.38920501432,-1.50182781612,5.68293353921,-0.0218112111003,-0.0903031689868,0.0,482.3367093856666,484.82043844650633,485.5121387402996,483.87221555313323
3.4800000000000026,3.46893468042,-1.42383618285,21.597692885,6.19362263444,6.05608795683,0.0,3.48998977914,-1.54459767867,5.56169390621,-0.0474753599928,-0.0891277996094,0.0,408.02900875925536,408.1264100265807,408.36892659402776,406.072146708276
3.5400000000000027,3.68257605037,-1.51827203422,21.932750297,6.19227640221,6.05079300149,0.0,3.63169466102,-1.60340348888,5.60626828577,0.00483235229427,-0.0865487828552,0.0,461.32436257330994,461.52184522919214,460.6846647094024,464.80269495186224
3.6000000000000028,3.90392333881,-1.61591931541,22.2667711463,6.19283849051,6.04571800574,0.0,3.74689793277,-1.65150876717,5.52787789584,0.0171711013998,-0.0809188474454,0.0,422.71811201879785,423.19682976355006,422.766505392819,423.8284775823345
3.660000000000003,4.13281379283,-1.71665834413,22.5984183221,6.19388808733,6.04046625404,0.0,3.8830687673,-1.70636676142,5.5267035286,0.018129937909,-0.105966322332,0.0,450.33104988174495,448.293331876576,447.7803455857387,447.858280613743
3.720000000000003,4.36960188883,-1.82054819809,22.9285671345,6.19514013906,6.03387249948,0.0,4.01029577971,-1.75655408418,5.47814924929,0.025846082728,-0.119208507394,0.0,433.82589825890284,432.7011544069182,433.8838241802922,434.53130933231216
3.780000000000003,4.61519053989,-1.92780022357,23.2599662008,6.19659513912,6.02642246023,0.0,4.17642682158,-1.81830881288,5.56752312827,0.0208502374201,-0.136591148818,0.0,478.80802311022,477.47044345432755,478.1268205119689,477.7460057995945
3.840000000000003,4.87070750869,-2.03867369173,23.5960256586,6.19852028867,6.01778210448,0.0,4.34133686443,-1.8772686623,5.63356059777,0.048282735471,-0.166037543779,0.0,473.60838763006797,471.3188361903862,472.3050345435161,474.41680554757886
3.900000000000003,5.13523563621,-2.1527253199,23.9322133331,6.20156697743,6.00781991199,0.0,4.47696013436,-1.92424212841,5.57251341927,0.0553509470908,-0.166034539457,0.0,434.08389924098833,434.05709585427485,433.48807781447186,434.0834781953278
3.960000000000003,5.40953854556,-2.26997421458,24.2699489708,6.206438652,5.99795272133,0.0,4.6671090414,-1.98354450879,5.68406895231,0.108935016593,-0.161468364865,0.0,488.6603013560596,488.97752150374805,487.4833128819624,491.4756997863528
4.020000000000002,5.69441630822,-2.39041352375,24.6108816466,6.21259510789,5.98810831545,0.0,4.82945432619,-2.03055596412,5.67981906848,0.0853170232655,-0.169863177064,0.0,456.75869989856517,456.06356415770415,455.9785167740001,454.09597123221545
4.080000000000001,5.98971374763,-2.51369710983,24.9532374529,6.21736108254,5.97854503051,0.0,5.01439094353,-2.07840536382,5.73108958696,0.0638234839156,-0.144024580209,0.0,473.78800237929596,475.74800389147646,475.0708055156301,473.4239722683438
4.14,6.29465384432,-2.6394394557,25.2935480521,6.22152332792,5.96960118048,0.0,5.15086079024,-2.11278119608,5.61276467046,0.0786325733306,-0.161745564209,0.0,421.0863355215878,419.52746950914553,420.150307160564,421.43655268700843
4.199999999999998,6.6098149872,-2.76755033922,25.6326426006,6.22568564538,5.96137974644,0.0,5.3549352776,-2.1571063221,5.68925821056,0.0349978274456,-0.109965092554,0.0,481.77174153349574,485.6542465115977,486.0453140579084,482.7660156014487
4.259999999999997,6.9354323268,-2.8979278171,25.970580985,6.22752685464,5.95453241531,0.0,5.4993758609,-2.18871512027,5.57551780323,0.0202553749111,-0.124090281132,0.0,424.91935795036426,423.693907461513,424.7214120140249,423.4550841760447
4.319999999999996,7.27110339117,-3.03039717351,26.3055211489,6.22828452783,5.94683987662,0.0,5.68997263895,-2.22682620906,5.58840384733,-0.0105199378047,-0.138063729529,0.0,466.3330207571127,465.2255864691982,467.96210340649026,465.559663814192
4.379999999999995,7.61787616898,-3.16508023735,26.6399372911,6.22791391883,5.93841013773,0.0,5.86952160093,-2.26264610903,5.55824783762,0.00133797160587,-0.145859975639,0.0,454.4029594914076,453.7594228887428,453.4706136022055,454.42250986364246
4.439999999999993,7.97617132751,-3.30201822777,26.9742747319,6.22775133758,5.92962601385,0.0,6.07400691265,-2.30193056452,5.58534117204,-0.0123719869951,-0.147507538019,0.0,474.6311854470592,474.48610778538216,473.4314964293418,472.37521718756426
4.499999999999992,8.34543770093,-3.44110855749,27.3063510223,6.22657049732,5.92081489242,0.0,6.23534771194,-2.33449698281,5.48372786328,-0.041241425764,-0.14557372778,0.0,433.2563102669541,433.3981119896321,434.45171610417947,432.02350423898434
4.559999999999991,8.72564926222,-3.58235323541,27.635367363,6.2242228045,5.91206381257,0.0,6.43869369139,-2.37383851815,5.48258543793,-0.0352063244338,-0.146411717022,0.0,468.2161551168679,468.1322142134809,466.2216841903676,466.69242155493424
4.6199999999999894,9.11737736471,-3.72587909802,27.9622230569,6.22180443017,5.90307568299,0.0,6.61930542077,-2.41052628747,5.41216390245,-0.05320128304,-0.157620771069,0.0,447.78130804529013,446.84717625750653,446.11461859910236,444.6414679104171
4.679999999999988,9.51894493653,-3.87147934102,28.2820775358,6.21855892171,5.89387499403,0.0,6.76680295433,-2.44304963741,5.24980749334,-0.0559343910388,-0.145939906116,0.0,414.05784275616014,415.06039660266504,415.5711705513995,415.32928272459424
4.739999999999987,9.93051182783,-4.01924518917,28.5947597698,6.21517389818,5.88498372512,0.0,6.95244163637,-2.48272702186,5.17247210455,-0.0573998931528,-0.153105663937,0.0,444.8906559113372,444.2827139072287,445.12782797299417,445.0056836519984
4.799999999999986,10.3543796473,-4.16961908352,28.9052846947,6.21213897838,5.87653381511,0.0,7.17667578658,-2.52997025532,5.1772746174,-0.0395928908249,-0.123574709704,0.0,471.73271367345365,473.9904138837636,473.06975720695186,474.4377781030635
4.859999999999984,10.7899361938,-4.32257348371,29.2117544691,6.20970311787,5.86973828418,0.0,7.34215907686,-2.56870599314,5.03843996426,-0.0426864367911,-0.0980656299318,0.0,425.06187478828457,427.23062703007923,427.0356575141254,426.77067019031693
4.919999999999983,11.2372743694,-4.47819589172,29.5139976358,6.20673166569,5.86402895252,0.0,7.56900086112,-2.61891086226,5.03546026818,-0.0689350057841,-0.0898956551538,0.0,471.48202883631524,472.1058513802318,475.09872636262486,473.0797606625696
4.979999999999982,11.6988419968,-4.63699248598,29.8173283496,6.20230342213,5.85834526219,0.0,7.81631917624,-2.67463886685,5.07434142889,-0.0859477001567,-0.106752800279,0.0,489.22887164908485,487.9648694253744,488.65599102859454,487.3819360994538
5.0399999999999805,12.172825098,-4.79877726319,30.1175237868,6.19706999921,5.85188811376,0.0,7.98330686688,-2.71856031652,4.93219196377,-0.0899043990005,-0.109409083324,0.0,429.8569797300664,429.62112660274295,430.32311941074954,429.9813520723129
